train_score: 0.8336144342027849
test_score: 0.7827110134923125
